23368
23378
23400
23411
23412
23414
23422
23430
23434
23477
23488
23489
23494
23496
23497
23516
23521
23531
23532
23533
23534
23540
23541
23542
23543
23548
23555
23565
23587
23588
23592
23593
23594
23601
23614
23623
23632
23643
23659
23699
23709
23710
23711
23718
23719
23720
23721
23728
23749
23750
23759
23760
23761
23775
23776
23792
23797
23799
23800
23801
23802
23817
23818
23819
23820
23842
23843
23849
23850
23858
23868
23870
23875
23876
23877
23878
23884
23885
23886
23890
23891
23897
23915
23916
23920
23924
23932
23933
23934
23938
23939
23942
23947
23948
23957
23958
23971
23972
23992
24005
24025
24042
24043
24075
24076
24078
24094
24095
24129
24130
24160
24165
24173
24189
24190
24192
24193
24220
24221
24244
24245
24246
24247
24251
24252
24253
24255
24256
24270
24277
24282
24283
24291
24297
24298
24299
24311
24325
24338
24339
24350
24351
24352
24353
24359
24360
24383
24388
24394
24396
24397
24430
24439
24440
24477
24478
24503
24514
24543
24547
24553
24575
24589
24616
24658
24678
24688
24794
24859
24888
24915
24916
24937
24941
24961
24962
24994
25055
25056
25057
25063
25078
25088
25092
25104
25200
25208
25221
25283
25284
25298
25308
25309
25310
25330
25357
25360
25361
25381
25382
25398
25399
25400
25406
25407
25409
25410
25413
25427
25429
25445
25446
25455
25462
25504
25512
25515
25518
25522
25524
25525
25537
25560
25561
25569
25570
25575
25580
25581
25596
25630
25631
25651
25678
25679
25689
25690
25699
25741
25742
25743
25772
25773
25778
25857
25858
25861
25882
25907
25927
25943
25949
25978
25979
25987
25992
26001
26002
26003
26005
26007
26018
26019
26043
26049
26050
26051
26060
26089
26095
26096
26100
26130
26143
26170
26171
26189
26197
26198
26199
26200
26265
26277
26278
26279
26280
26281
26290
26292
26300
26301
26302
26306
26307
26324
26325
26328
26329
26341
26342
26343
26344
26357
26370
26382
26384
26395
26416
26420
26430
26431
26435
26437
26438
26454
26473
26493
26494
26549
26550
26551
26556
26560
26561
26562
26563
26564
26582
26583
26584
26590
26606
26607
26608
26609
26611
26617
26618
26619
26631
26632
26633
26634
26635
26636
26637
26638
26687
26691
26692
26695
26698
26700
26701
26702
26705
26725
26727
26732
26739
26740
26771
26772
26773
26778
26784
26786
26801
26804
26805
26810
26811
26843
26846
26861
26870
26873
26875
26877
26886
26889
26916
26918
26919
26935
26937
26938
26940
26941
26942
26964
26966
26970
26971
26975
26982
26994
27008
27009
27039
27043
27054
27088
27096
27097
27102
27105
27112
27115
27119
27132
27133
27152
27164
27165
27166
27169
27173
27184
27187
27205
27215
27218
27224
27236
27244
27259
27260
27263
27264
27265
27266
27282
27289
27294
27326
27341
27342
27343
27344
27353
27354
27359
27360
27372
27388
27390
27391
27392
27406
27410
27411
27417
27422
27432
27433
27438
27439
27441
27451
27457
27463
27473
27484
27485
27490
27491
27492
27495
27506
27515
27523
27527
27528
27529
27531
27532
27543
27550
27558
27561
27580
27593
27606
27615
27616
27617
27618
27619
27634
27635
27636
27641
27652
27669
27684
27687
27688
27690
27691
27692
27693
27705
27706
27707
27725
27726
27729
27738
27745
27746
27747
27748
27749
27753
27754
27755
27756
27761
27762
27765
27766
27771
27782
27783
27784
27795
27797
27798
27799
27805
27811
27814
27829
27839
27852
27871
27876
27883
27884
27895
27896
27909
27910
27919
27933
27934
27946
27964
27965
27984
27988
27993
27995
28010
28011
28012
28013
28016
28017
28028
28030
28031
28051
28052
28054
28055
28064
28065
28073
28100
28108
28109
28123
28124
28144
28146
28147
28148
28149
28150
28151
28158
28164
28168
28169
28170
28171
28172
28173
28214
28215
28216
28218
28224
28230
28268
28273
28274
28285
28288
28290
28291
28295
28302
28303
28309
28310
28312
28313
28315
28316
28322
28325
28338
28351
28355
28378
28387
28399
28420
28421
28422
28439
28456
28457
28468
28476
28489
28496
28509
28510
28513
28524
28525
28535
28545
28546
28556
28559
28568
28586
28587
28647
28650
28651
28658
28669
28670
28674
28675
28696
28697
28699
28700
28708
28709
28721
28723
28724
28744
28746
28783
28808
28833
28835
28847
28857
28858
28859
28877
28898
28946
28947
28955
28961
28962
28963
28964
28965
28966
28975
28976
28980
28982
28992
28997
28998
28999
29000
29007
29015
29019
29020
29021
29026
29027
29028
29054
29066
29080
29100
29101
29118
29124
29125
29140
29161
29203
29204
29206
29223
29228
29233
29234
29235
29241
29243
29246
29250
29251
29264
29273
29274
29276
29277
29284
29285
29290
29295
29298
29299
29320
29328
29329
29333
29334
29336
29339
29340
29363
29364
29370
29371
29377
29378
29384
29404
29409
29410
29414
29423
29424
29430
29431
29434
29435
29436
29437
29438
29439
29440
29463
29464
29471
29475
29476
29491
29492
29500
29504
29505
29506
29511
29515
29523
29524
29525
29526
29527
29528
29529
29530
29532
29533
29536
29538
29549
29572
29573
29575
29587
29588
29589
29594
29628
29632
29633
29638
29643
29651
29656
29657
29658
29659
29666
29668
29671
29672
29673
29677
29678
29686
29691
29703
29704
29705
29708
29709
29710
29711
29713
29714
29716
29717
29722
29736
29737
29758
29760
29761
29762
29768
29772
29778
29779
29780
29781
29782
29783
29784
29785
29787
29788
29796
29797
29821
29824
29829
29830
29849
29850
29853
29855
29862
29864
29866
29867
29872
29873
29884
29887
29888
29891
29892
29911
29921
29924
29937
29938
29939
29944
29972
29977
29980
30005
30006
30018
30019
30025
30026
30036
30037
30040
30052
30060
30062
30067
30069
30078
30080
30109
30130
30138
30139
30148
30149
30150
30151
30153
30154
30167
30177
30178
30194
30201
30202
30203
30204
30205
30211
30212
30213
30218
30220
30221
30222
30229
30230
30231
30239
30240
30249
30274
30294
30300
30319
30320
30336
30337
30338
30340
30341
30359
30360
30363
30364
30366
30367
30368
30374
30379
30380
30404
30405
30406
30422
30423
30453
30454
30459
30460
30463
30464
30474
30491
30492
30493
30497
30501
30505
30521
30525
30534
30535
30540
30544
30564
30565
30566
30567
30579
30591
30592
30603
30616
30617
30618
30631
30632
30633
30672
30673
30683
30684
30685
30686
30688
30689
30714
30717
30721
30728
30729
30731
30732
30733
30737
30738
30739
30740
30747
30749
30760
30761
30779
30788
30789
30790
30815
30837
30855
30870
30874
30875
30876
30884
30885
30887
30892
30901
30902
30903
30913
30914
30938
30939
30943
30944
30945
30946
30947
30954
30971
30975
30976
30984
30995
31001
31017
31019
31020
31038
31039
31045
31059
31061
31063
31065
31066
31072
31073
31079
31080
31084
31093
31101
31102
31103
31109
31113
31116
31122
31137
31150
31151
31153
31201
31202
31203
31204
31229
31230
31233
31234
31258
31262
31275
31276
31280
31294
31295
31296
31297
31298
31306
31307
31317
31318
31324
31331
31332
31339
31340
31341
31354
31368
31369
31374
31379
31382
31383
31387
31394
31395
31397
31398
31406
31421
31423
31424
31427
31443
31445
31446
31454
31472
31473
31479
31482
31484
31485
31524
31525
31526
31538
31547
31553
31554
31566
31567
31568
31588
31619
31620
31635
31636
31656
31682
31684
31691
31703
31704
31717
31731
31732
31733
31764
31765
31769
31774
31784
31787
31788
31789
31794
31795
31796
31797
31799
31800
31801
31802
31803
31828
31854
31859
31860
31861
31862
31863
31864
31865
31881
31882
31883
31893
31894
31895
31907
31914
31915
31918
31919
31920
31937
31950
31951
31953
31960
31961
31974
31975
32000
32001
32011
32012
32013
32025
32026
32037
32038
32045
32060
32061
32062
32067
32068
32069
32082
32086
32091
32093
32094
32100
32119
32125
32128
32134
32135
32155
32156
32157
32160
32164
32180
32183
32184
32211
32219
32250
32253
32264
32270
32271
32289
32315
32323
32324
32325
32332
32335
32336
32341
32342
32343
32344
32351
32352
32356
32375
32377
32392
32394
32406
32408
32426
32428
32429
32438
32439
32448
32449
32470
32471
32476
32477
32486
32487
32490
32497
32505
32506
32519
32524
32538
32544
32553
32554
32561
32562
32573
32574
32580
32586
32590
32596
32598
32599
32604
32611
32613
32614
32639
32641
32642
32643
32644
32660
32664
32665
32666
32669
32670
32680
32686
32688
32690
32691
32697
32707
32712
32716
32718
32720
32721
32724
32725
32730
32746
32750
32755
32758
32760
32770
32788
32789
32806
32817
32818
32819
32834
32842
32848
32852
32857
32867
32868
32874
32880
32905
32911
32913
32927
32928
32940
32944
32945
32947
32954
32968
32981
32983
32994
33005
33006
33018
33020
33022
33023
33024
33028
33036
33037
33038
33039
33051
33052
33053
33054
33055
33056
33065
33071
33072
33082
33086
33096
33097
33098
33100
33102
33104
33117
33120
33123
33124
33125
33132
33135
33136
33138
33139
33141
33144
33145
33165
33175
33180
33184
33190
33196
33209
33210
33212
33214
33225
33226
33231
33237
33240
33247
33260
33262
33263
33302
33306
33312
33328
33329
33330
33334
33335
33340
33346
33347
33358
33374
33375
33376
33384
33389
33390
33393
33394
33399
33400
33412
33413
33416
33419
33440
33441
33446
33447
33452
33453
33464
33465
33466
33479
33480
33481
33491
33494
33495
33496
33502
33512
33516
33517
33534
33536
33538
33539
33540
33541
33542
33543
33544
33548
33549
33571
33578
33579
33583
33590
33601
33602
33603
33607
33621
33622
33627
33628
33632
33633
33644
33645
33650
33655
33656
33662
33686
33688
33691
33698
33699
33706
33714
33715
33717
33740
33741
33746
33747
33751
33752
33753
33754
33777
33790
33792
33793
33806
33808
33811
33812
33814
33818
33819
33832
33834
33839
33840
33841
33844
33845
33847
33852
33862
33867
33885
33896
33904
33941
33942
33956
33995
34007
34037
34049
34050
34106
34107
34108
34109
34114
34117
34118
34119
34120
34121
34124
34142
34143
34144
34145
34154
34157
34158
34159
34160
34162
34168
34170
34171
34173
34199
34208
34215
34243
34244
34245
34246
34248
34249
34251
34254
34257
34266
34267
34269
34271
34291
34292
34296
34297
34310
34311
34328
34329
34335
34336
34340
34353
34354
34367
34379
34382
34383
34386
34391
34403
34408
34414
34415
34427
34444
34452
34453
34454
34462
34467
34486
34489
34493
34494
34503
34506
34508
34515
34528
34529
34535
34536
34542
34543
34544
34546
34547
34548
34549
34560
34561
34568
34590
34591
34616
34618
34619
34620
34651
34675
34676
34685
34686
34689
34694
34703
34717
34718
34719
34724
34732
34733
34740
34744
34745
34746
34755
34778
34779
34783
34790
34797
34804
34805
34808
34809
34814
34818
34822
34823
34824
34852
34871
34892
34893
34895
34896
34897
34905
34909
34919
34920
34922
34923
34927
34929
34938
34939
34942
34951
34957
34965
34976
34989
34994
34998
35004
35006
35007
35023
35024
35034
35037
35038
35039
35044
35050
35058
35063
35069
35070
35071
35082
35083
35100
35101
35102
35111
35112
35113
35115
35122
35126
35129
35134
35157
35158
35159
35160
35177
35180
35184
35199
35211
35212
35216
35236
35273
35275
35287
35299
35304
35305
35321
35323
35324
35330
35355
35356
35357
35358
35367
35369
35370
35387
35388
35389
35390
35391
35408
35409
35416
35431
35432
35434
35442
35443
35444
35447
35450
35452
35463
35464
35484
35489
35490
35502
35503
35516
35517
35520
35521
35529
35530
35547
35548
35549
35568
35569
35570
35609
35613
35616
35618
35619
35621
35622
35624
35626
35627
35648
35658
35659
35670
35671
35677
35678
35680
35681
35682
35684
35696
35697
35703
35704
35717
35718
35739
35740
35741
35742
35743
35760
35780
35781
35784
35796
35818
35819
35844
35850
35851
35852
35853
35861
35862
35863
35864
35865
35912
35913
35914
35915
35916
35936
35937
35938
35939
35946
35954
35961
35962
35963
35992
35993
36015
36016
36017
36022
36023
36027
36028
36035
36049
36056
36062
36069
36070
36071
36095
36104
36137
36139
36140
36149
36151
36152
36154
36158
36159
36165
36172
36173
36181
36193
36198
36199
36208
36212
36213
36219
36220
36227
36229
36230
36256
36257
36261
36267
36276
36277
36278
36281
36284
36288
36289
36299
36300
36326
36334
36337
36346
36351
36352
36360
36361
36363
36364
36365
36366
36391
36393
36394
36395
36396
36397
36398
36399
36400
36412
36413
36414
36416
36417
36422
36423
36424
36425
36426
36430
36431
36432
36433
36434
36436
36437
36438
36440
36445
36446
36447
36451
36452
36454
36461
36465
36467
36477
36478
36490
36491
36492
36493
36495
36506
36507
36508
36509
36511
36516
36517
36519
36520
36521
36525
36532
36534
36541
36543
36546
36554
36556
36561
36565
36566
36577
36578
36605
36606
36607
36618
36625
36631
36637
36643
36649
36650
36651
36654
36663
36665
36666
36671
36676
36686
36698
36708
36728
36729
36733
36734
36736
36741
36744
36752
36754
36767
36771
36772
36776
36779
36781
36791
36792
36797
36798
36806
36818
36821
36824
36825
36826
36830
36834
36835
36836
36853
36873
36874
36880
36881
36891
36892
36898
36899
36912
36913
36919
36921
36922
36924
36925
36933
36934
36939
36947
36955
36964
36968
36969
36970
36971
36972
36983
36992
37002
37003
37004
37015
37016
37017
37018
37019
37023
37029
37030
37031
37034
37035
37040
37044
37048
37049
37052
37055
37056
37059
37060
37061
37062
37063
37064
37066
37067
37068
37069
37073
37074
37087
37097
37098
37103
37105
37106
37107
37108
37113
37115
37117
37124
37125
37126
37127
37128
37129
37132
37133
37135
37137
37138
37140
37147
37149
37150
37151
37162
37179
37184
37186
37192
37196
37199
37203
37209
37217
37218
37221
37222
37223
37232
37233
37236
37237
37239
37243
37244
37245
37253
37254
37261
37263
37264
37265
37266
37269
37270
37271
37274
37292
37293
37294
37295
37296
37297
37298
37323
37327
37331
37411
37450
37466
37467
37470
37471
37473
37474
37490
37492
37495
37496
37537
37538
37539
37540
37545
37546
37549
37550
37552
37554
37564
37575
37576
37577
37598
37601
37606
37607
37628
37629
37630
37631
37641
37643
37644
37648
37650
37665
37666
37672
37673
37674
37675
37676
37677
37678
37691
37698
37700
37718
37721
37728
37731
37752
37756
37771
37772
37773
37782
37822
37824
37825
37826
37827
37828
37829
37830
37858
37859
37869
37881
37884
37909
37922
37923
37948
37949
37956
37957
37958
37959
37960
37966
37967
37968
37972
37974
38015
38017
38018
38025
38027
38037
38059
38060
38063
38069
38070
38082
38083
38095
38106
38107
38109
38117
38120
38121
38124
38125
38128
38129
38130
38132
38143
38144
38161
38167
38176
38183
38184
38195
38196
38206
38209
38212
38213
38214
38215
38216
38217
38223
38224
38231
38237
38238
38250
38251
38252
38258
38264
38266
38269
38270
38273
38275
38276
38277
38278
38279
38287
38298
38301
38302
38303
38312
38313
38314
38321
38329
38330
38332
38333
38335
38336
38337
38349
38367
38368
38383
38384
38392
38393
38394
38395
38396
38397
38409
38410
38415
38416
38417
38427
38428
38441
38442
38468
38482
38488
38489
38490
38507
38508
38509
38518
38519
38520
38521
38522
38523
38524
38529
38533
38552
38555
38556
38595
38596
38597
38600
38602
38603
38606
38607
38624
38627
38641
38645
38653
38654
38659
38664
38669
38670
38676
38677
38678
38689
38698
38705
38706
38712
38713
38737
38738
38740
38747
38751
38752
38753
38763
38764
38766
38767
38768
38769
38770
38799
38811
38812
38813
38814
38833
38846
38847
38849
38857
38860
38866
38867
38868
38869
38870
38871
38872
38873
38881
38888
38926
38932
38933
38934
38971
38983
38984
39002
39003
39004
39016
39017
39022
39027
39028
39035
39044
39050
39066
39067
39079
39097
39109
39117
39125
39167
39169
39170
39182
39183
39184
39193
39194
39201
39208
39213
39223
39224
39229
39239
39240
39244
39264
39265
39280
39281
39291
39298
39300
39301
39304
39309
39311
39317
39318
39344
39349
39379
39380
39388
39389
39401
39407
39413
39414
39425
39426
39440
39441
39442
39449
39450
39456
39457
39466
39467
39468
39473
39474
39475
39485
39501
39502
39505
39506
39507
39512
39514
39515
39533
39534
39538
39539
39540
39541
39542
39548
39549
39551
39552
39553
39554
39556
39557
39560
39561
39562
39563
39565
39570
39577
39580
39597
39598
39600
39601
39602
39603
39604
39621
39624
39625
39626
39627
39628
39633
39634
39635
39636
39637
39638
39639
39644
39645
39654
39667
39668
39669
39670
39671
39675
39676
39677
39679
39687
39693
39694
39695
39697
39712
39713
39714
39715
39723
39724
39725
39726
39733
39734
39740
39741
39742
39747
39769
39780
39781
39782
39797
39798
39802
39805
39806
39821
39822
39823
39824
39831
39836
39837
39838
39839
39857
39867
39876
39886
39887
39906
39910
39911
39913
39914
39951
39952
39953
39954
39958
39959
39960
39967
39968
39979
39982
39998
40000
40003
40011
40012
40024
40031
40032
40041
40042
40047
40052
40053
40054
40055
40057
40064
40065
40066
40067
40069
40081
40082
40083
40084
40085
40093
40094
40095
40101
40102
40103
40104
40106
40107
40108
40119
40120
40121
40135
40136
40137
40138
40144
40147
40156
40169
40170
40171
40173
40183
40184
40185
40186
40187
40188
40191
40201
40202
40204
40205
40206
40217
40219
40222
40223
40228
40230
40232
40238
40244
40245
40253
40261
40270
40271
40272
40273
40274
40275
40278
40279
40280
40285
40286
40287
40288
40289
40292
40293
40297
40300
40301
40302
40305
40314
40315
40324
40326
40329
40330
40331
40333
40334
40335
40340
40341
40342
40343
40362
40363
40364
40365
40366
40378
40387
40388
40389
40390
40395
40396
40397
40398
40399
40408
40417
40418
40419
40420
40421
40426
40434
40438
40439
40457
40461
40462
40463
40473
40479
40480
40501
40502
40503
40504
40505
40520
40521
40523
40526
40532
40533
40535
40540
40548
40554
40560
40568
40569
40571
40572
40580
40583
40584
40585
40586
40589
40591
40620
40622
40623
40624
40626
40627
40628
40629
40632
40633
40635
40640
40642
40643
40669
40670
40684
40685
40689
40690
40691
40697
40702
40717
40719
40721
40722
40725
40731
40732
40734
40735
40745
40746
40764
40765
40767
40769
40770
40771
40772
40773
40775
40777
40783
40787
40791
40811
40822
40830
40831
40832
40833
40841
40842
40883
40884
40901
40911
40919
40920
40926
40937
40955
40957
40958
40959
40960
40964
40965
40970
40975
40980
40981
40984
40985
40986
40993
40994
40998
41009
41017
41018
41019
41027
41029
41033
41034
41035
41037
41038
41047
41048
41049
41050
41059
41060
41074
41075
41077
41078
41080
41081
41082
41084
41089
41090
41097
41099
41101
41107
41114
41126
41127
41130
41139
41140
41142
41143
41146
41147
41149
41150
41151
41159
41160
41161
41168
41169
41170
41180
41181
41182
41183
41184
41185
41186
41188
41189
41190
41191
41197
41198
41199
41203
41204
41207
41214
41215
41216
41217
41225
41235
41236
41242
41243
41247
41248
41249
41250
41254
41255
41259
41260
41265
41266
41267
41298
41299
41300
41301
41302
41306
41307
41319
41321
41322
41332
41362
41363
41372
41394
41395
41397
41398
41400
41401
41405
41406
41408
41415
41418
41420
41432
41434
41435
41436
41438
41440
41441
41444
41445
41459
41460
41462
41464
41465
41466
41468
41486
41503
41507
41508
41522
41524
41527
41528
41539
41540
41541
41546
41547
41549
41554
41587
41588
41589
41595
41596
41597
41598
41599
41600
41602
41603
41604
41606
41607
41608
41609
41610
41612
41629
41630
41631
41635
41637
41638
41639
41642
41643
41646
41647
41651
41652
41655
41656
41657
41662
41663
41664
41667
41673
41674
41675
41676
41680
41687
41696
41705
41707
41708
41709
41714
41722
41724
41725
41726
41727
41729
41730
41734
41735
41736
41737
41743
41744
41748
41749
41755
41756
41757
41758
41759
41771
41774
41793
41794
41795
41796
41798
41799
41800
41801
41803
41804
41806
41810
41811
41814
41815
41816
41817
41819
41820
41823
41824
41829
41830
41831
41833
41836
41837
41845
41847
41848
41850
41851
41852
41853
41854
41863
41864
41866
41869
41870
41871
41882
41889
41890
41893
41894
41904
41905
41906
41912
41926
41927
41935
41936
41937
41976
41981
41987
41988
41996
41997
42001
42004
42013
42014
42046
42049
42066
42073
42074
42080
42081
42082
42083
42087
42091
42092
42102
42103
42104
42111
42112
42120
42121
42122
42123
42124
42125
42136
42137
42138
42143
42159
42160
42161
42172
42177
42178
42179
42181
42194
42201
42207
42209
42210
42211
42213
42216
42217
42221
42222
42252
42253
42254
42255
42257
42259
42260
42261
42262
42272
42273
42274
42275
42276
42278
42279
42281
42282
42301
42305
42306
42307
42308
42310
42311
42318
42325
42330
42331
42345
42356
42357
42362
42363
42364
42365
42367
42369
42385
42386
42388
42390
42391
42392
42393
42426
42427
42428
42430
42431
42440
42504
42505
42511
42512
42515
42516
42528
42529
42553
42558
42559
42560
42561
42562
42564
42594
42596
42597
42598
42599
42600
42604
42605
42606
42611
42612
42613
42623
42632
42655
42668
42669
42670
42674
42686
42695
42696
42715
42716
42717
42725
42741
42742
42754
42755
42769
42802
42804
42805
42806
42808
42816
42818
42819
42824
42825
42831
42858
42859
42866
42871
42874
42875
42894
42895
42909
42910
42911
42921
42922
42923
42931
42932
42939
42954
42960
42969
42978
42979
43041
43044
43045
43050
43051
43052
43060
43061
43063
43067
43069
43070
43074
43085
43086
43126
43130
43132
43133
43141
43146
43162
43165
43166
43175
43224
43269
43270
43273
43274
43275
43276
43277
43278
43302
43311
43331
43340
43345
43352
43353
43385
43386
43408
43411
43417
43418
43422
43443
43444
43462
43463
43464
43465
43466
43467
43468
43469
43470
43471
43472
